
-- Credit goes to Ucalegen/Fenrier for the clerp function, as well as the functions required to make it work.

-- If you somehow managed to get this script, you may edit it.
-- If you do edit this, however, please give credit in some way.

-- If you leak this, please at least give credit.
-- I'd prefer if you didn't leak this at all though, but I know you people are going to anyway.

--Converted with ttyyuu12345's model to script plugin v4
function sandbox(var,func)
	local env = getfenv(func)
	local newenv = setmetatable({},{
		__index = function(self,k)
			if k=="script" then
				return var
			else
				return env[k]
			end
		end,
	})
	setfenv(func,newenv)
	return func
end
cors = {}
mas = Instance.new("Model",game:GetService("Lighting"))
Model0 = Instance.new("Model")
Model1 = Instance.new("Model")
Part2 = Instance.new("Part")
WedgePart3 = Instance.new("WedgePart")
Part4 = Instance.new("Part")
BlockMesh5 = Instance.new("BlockMesh")
Part6 = Instance.new("Part")
BlockMesh7 = Instance.new("BlockMesh")
Part8 = Instance.new("Part")
BlockMesh9 = Instance.new("BlockMesh")
Part10 = Instance.new("Part")
BlockMesh11 = Instance.new("BlockMesh")
WedgePart12 = Instance.new("WedgePart")
WedgePart13 = Instance.new("WedgePart")
WedgePart14 = Instance.new("WedgePart")
WedgePart15 = Instance.new("WedgePart")
WedgePart16 = Instance.new("WedgePart")
WedgePart17 = Instance.new("WedgePart")
WedgePart18 = Instance.new("WedgePart")
WedgePart19 = Instance.new("WedgePart")
WedgePart20 = Instance.new("WedgePart")
WedgePart21 = Instance.new("WedgePart")
WedgePart22 = Instance.new("WedgePart")
WedgePart23 = Instance.new("WedgePart")
Part24 = Instance.new("Part")
BlockMesh25 = Instance.new("BlockMesh")
Part26 = Instance.new("Part")
BlockMesh27 = Instance.new("BlockMesh")
Part28 = Instance.new("Part")
BlockMesh29 = Instance.new("BlockMesh")
Part30 = Instance.new("Part")
BlockMesh31 = Instance.new("BlockMesh")
Part32 = Instance.new("Part")
BlockMesh33 = Instance.new("BlockMesh")
Part34 = Instance.new("Part")
BlockMesh35 = Instance.new("BlockMesh")
Part36 = Instance.new("Part")
BlockMesh37 = Instance.new("BlockMesh")
Part38 = Instance.new("Part")
BlockMesh39 = Instance.new("BlockMesh")
Part40 = Instance.new("Part")
BlockMesh41 = Instance.new("BlockMesh")
Part42 = Instance.new("Part")
BlockMesh43 = Instance.new("BlockMesh")
Part44 = Instance.new("Part")
BlockMesh45 = Instance.new("BlockMesh")
Part46 = Instance.new("Part")
BlockMesh47 = Instance.new("BlockMesh")
Part48 = Instance.new("Part")
Decal49 = Instance.new("Decal")
Part50 = Instance.new("Part")
Part51 = Instance.new("Part")
WedgePart52 = Instance.new("WedgePart")
WedgePart53 = Instance.new("WedgePart")
WedgePart54 = Instance.new("WedgePart")
Model55 = Instance.new("Model")
Part56 = Instance.new("Part")
Model57 = Instance.new("Model")
Part58 = Instance.new("Part")
WedgePart59 = Instance.new("WedgePart")
Part60 = Instance.new("Part")
BlockMesh61 = Instance.new("BlockMesh")
Part62 = Instance.new("Part")
BlockMesh63 = Instance.new("BlockMesh")
WedgePart64 = Instance.new("WedgePart")
WedgePart65 = Instance.new("WedgePart")
WedgePart66 = Instance.new("WedgePart")
WedgePart67 = Instance.new("WedgePart")
WedgePart68 = Instance.new("WedgePart")
WedgePart69 = Instance.new("WedgePart")
WedgePart70 = Instance.new("WedgePart")
WedgePart71 = Instance.new("WedgePart")
WedgePart72 = Instance.new("WedgePart")
WedgePart73 = Instance.new("WedgePart")
WedgePart74 = Instance.new("WedgePart")
WedgePart75 = Instance.new("WedgePart")
WedgePart76 = Instance.new("WedgePart")
Part77 = Instance.new("Part")
BlockMesh78 = Instance.new("BlockMesh")
Part79 = Instance.new("Part")
BlockMesh80 = Instance.new("BlockMesh")
Part81 = Instance.new("Part")
BlockMesh82 = Instance.new("BlockMesh")
Part83 = Instance.new("Part")
BlockMesh84 = Instance.new("BlockMesh")
Part85 = Instance.new("Part")
BlockMesh86 = Instance.new("BlockMesh")
Part87 = Instance.new("Part")
BlockMesh88 = Instance.new("BlockMesh")
Part89 = Instance.new("Part")
BlockMesh90 = Instance.new("BlockMesh")
Part91 = Instance.new("Part")
BlockMesh92 = Instance.new("BlockMesh")
Part93 = Instance.new("Part")
BlockMesh94 = Instance.new("BlockMesh")
Part95 = Instance.new("Part")
BlockMesh96 = Instance.new("BlockMesh")
Part97 = Instance.new("Part")
BlockMesh98 = Instance.new("BlockMesh")
Part99 = Instance.new("Part")
BlockMesh100 = Instance.new("BlockMesh")
Part101 = Instance.new("Part")
BlockMesh102 = Instance.new("BlockMesh")
Part103 = Instance.new("Part")
BlockMesh104 = Instance.new("BlockMesh")
Part105 = Instance.new("Part")
Part106 = Instance.new("Part")
WedgePart107 = Instance.new("WedgePart")
WedgePart108 = Instance.new("WedgePart")
Model109 = Instance.new("Model")
Part110 = Instance.new("Part")
Model111 = Instance.new("Model")
Part112 = Instance.new("Part")
Part113 = Instance.new("Part")
BlockMesh114 = Instance.new("BlockMesh")
Part115 = Instance.new("Part")
BlockMesh116 = Instance.new("BlockMesh")
Part117 = Instance.new("Part")
BlockMesh118 = Instance.new("BlockMesh")
Part119 = Instance.new("Part")
CylinderMesh120 = Instance.new("CylinderMesh")
Part121 = Instance.new("Part")
CylinderMesh122 = Instance.new("CylinderMesh")
Part123 = Instance.new("Part")
BlockMesh124 = Instance.new("BlockMesh")
Part125 = Instance.new("Part")
CylinderMesh126 = Instance.new("CylinderMesh")
Part127 = Instance.new("Part")
CylinderMesh128 = Instance.new("CylinderMesh")
Part129 = Instance.new("Part")
BlockMesh130 = Instance.new("BlockMesh")
Part131 = Instance.new("Part")
BlockMesh132 = Instance.new("BlockMesh")
WedgePart133 = Instance.new("WedgePart")
SpecialMesh134 = Instance.new("SpecialMesh")
WedgePart135 = Instance.new("WedgePart")
SpecialMesh136 = Instance.new("SpecialMesh")
WedgePart137 = Instance.new("WedgePart")
WedgePart138 = Instance.new("WedgePart")
WedgePart139 = Instance.new("WedgePart")
SpecialMesh140 = Instance.new("SpecialMesh")
WedgePart141 = Instance.new("WedgePart")
SpecialMesh142 = Instance.new("SpecialMesh")
WedgePart143 = Instance.new("WedgePart")
SpecialMesh144 = Instance.new("SpecialMesh")
WedgePart145 = Instance.new("WedgePart")
WedgePart146 = Instance.new("WedgePart")
WedgePart147 = Instance.new("WedgePart")
WedgePart148 = Instance.new("WedgePart")
WedgePart149 = Instance.new("WedgePart")
SpecialMesh150 = Instance.new("SpecialMesh")
WedgePart151 = Instance.new("WedgePart")
SpecialMesh152 = Instance.new("SpecialMesh")
WedgePart153 = Instance.new("WedgePart")
SpecialMesh154 = Instance.new("SpecialMesh")
WedgePart155 = Instance.new("WedgePart")
SpecialMesh156 = Instance.new("SpecialMesh")
WedgePart157 = Instance.new("WedgePart")
SpecialMesh158 = Instance.new("SpecialMesh")
WedgePart159 = Instance.new("WedgePart")
SpecialMesh160 = Instance.new("SpecialMesh")
WedgePart161 = Instance.new("WedgePart")
SpecialMesh162 = Instance.new("SpecialMesh")
WedgePart163 = Instance.new("WedgePart")
SpecialMesh164 = Instance.new("SpecialMesh")
WedgePart165 = Instance.new("WedgePart")
SpecialMesh166 = Instance.new("SpecialMesh")
WedgePart167 = Instance.new("WedgePart")
SpecialMesh168 = Instance.new("SpecialMesh")
WedgePart169 = Instance.new("WedgePart")
SpecialMesh170 = Instance.new("SpecialMesh")
WedgePart171 = Instance.new("WedgePart")
SpecialMesh172 = Instance.new("SpecialMesh")
WedgePart173 = Instance.new("WedgePart")
SpecialMesh174 = Instance.new("SpecialMesh")
WedgePart175 = Instance.new("WedgePart")
SpecialMesh176 = Instance.new("SpecialMesh")
WedgePart177 = Instance.new("WedgePart")
SpecialMesh178 = Instance.new("SpecialMesh")
WedgePart179 = Instance.new("WedgePart")
WedgePart180 = Instance.new("WedgePart")
SpecialMesh181 = Instance.new("SpecialMesh")
WedgePart182 = Instance.new("WedgePart")
SpecialMesh183 = Instance.new("SpecialMesh")
WedgePart184 = Instance.new("WedgePart")
SpecialMesh185 = Instance.new("SpecialMesh")
WedgePart186 = Instance.new("WedgePart")
SpecialMesh187 = Instance.new("SpecialMesh")
WedgePart188 = Instance.new("WedgePart")
SpecialMesh189 = Instance.new("SpecialMesh")
WedgePart190 = Instance.new("WedgePart")
Part191 = Instance.new("Part")
BlockMesh192 = Instance.new("BlockMesh")
Part193 = Instance.new("Part")
BlockMesh194 = Instance.new("BlockMesh")
Part195 = Instance.new("Part")
BlockMesh196 = Instance.new("BlockMesh")
Part197 = Instance.new("Part")
BlockMesh198 = Instance.new("BlockMesh")
Part199 = Instance.new("Part")
BlockMesh200 = Instance.new("BlockMesh")
Part201 = Instance.new("Part")
BlockMesh202 = Instance.new("BlockMesh")
Part203 = Instance.new("Part")
CylinderMesh204 = Instance.new("CylinderMesh")
Part205 = Instance.new("Part")
CylinderMesh206 = Instance.new("CylinderMesh")
Part207 = Instance.new("Part")
CylinderMesh208 = Instance.new("CylinderMesh")
Part209 = Instance.new("Part")
CylinderMesh210 = Instance.new("CylinderMesh")
Part211 = Instance.new("Part")
CylinderMesh212 = Instance.new("CylinderMesh")
Part213 = Instance.new("Part")
CylinderMesh214 = Instance.new("CylinderMesh")
Part215 = Instance.new("Part")
BlockMesh216 = Instance.new("BlockMesh")
Part217 = Instance.new("Part")
BlockMesh218 = Instance.new("BlockMesh")
Part219 = Instance.new("Part")
BlockMesh220 = Instance.new("BlockMesh")
Part221 = Instance.new("Part")
BlockMesh222 = Instance.new("BlockMesh")
Part223 = Instance.new("Part")
BlockMesh224 = Instance.new("BlockMesh")
Part225 = Instance.new("Part")
BlockMesh226 = Instance.new("BlockMesh")
Part227 = Instance.new("Part")
BlockMesh228 = Instance.new("BlockMesh")
Part229 = Instance.new("Part")
BlockMesh230 = Instance.new("BlockMesh")
Part231 = Instance.new("Part")
BlockMesh232 = Instance.new("BlockMesh")
Part233 = Instance.new("Part")
BlockMesh234 = Instance.new("BlockMesh")
Part235 = Instance.new("Part")
BlockMesh236 = Instance.new("BlockMesh")
Part237 = Instance.new("Part")
BlockMesh238 = Instance.new("BlockMesh")
Part239 = Instance.new("Part")
BlockMesh240 = Instance.new("BlockMesh")
Part241 = Instance.new("Part")
BlockMesh242 = Instance.new("BlockMesh")
Part243 = Instance.new("Part")
BlockMesh244 = Instance.new("BlockMesh")
Part245 = Instance.new("Part")
BlockMesh246 = Instance.new("BlockMesh")
Part247 = Instance.new("Part")
BlockMesh248 = Instance.new("BlockMesh")
Part249 = Instance.new("Part")
BlockMesh250 = Instance.new("BlockMesh")
Part251 = Instance.new("Part")
BlockMesh252 = Instance.new("BlockMesh")
Part253 = Instance.new("Part")
BlockMesh254 = Instance.new("BlockMesh")
Part255 = Instance.new("Part")
BlockMesh256 = Instance.new("BlockMesh")
Part257 = Instance.new("Part")
BlockMesh258 = Instance.new("BlockMesh")
Part259 = Instance.new("Part")
BlockMesh260 = Instance.new("BlockMesh")
Part261 = Instance.new("Part")
BlockMesh262 = Instance.new("BlockMesh")
Part263 = Instance.new("Part")
BlockMesh264 = Instance.new("BlockMesh")
Part265 = Instance.new("Part")
BlockMesh266 = Instance.new("BlockMesh")
Part267 = Instance.new("Part")
BlockMesh268 = Instance.new("BlockMesh")
Part269 = Instance.new("Part")
BlockMesh270 = Instance.new("BlockMesh")
Part271 = Instance.new("Part")
BlockMesh272 = Instance.new("BlockMesh")
Part273 = Instance.new("Part")
BlockMesh274 = Instance.new("BlockMesh")
Part275 = Instance.new("Part")
BlockMesh276 = Instance.new("BlockMesh")
Part277 = Instance.new("Part")
BlockMesh278 = Instance.new("BlockMesh")
Part279 = Instance.new("Part")
BlockMesh280 = Instance.new("BlockMesh")
Script281 = Instance.new("Script")
Model0.Name = "Sonarmor"
Model0.Parent = mas
Model1.Name = "LeftArm"
Model1.Parent = Model0
Part2.Name = "Left Arm1"
Part2.Parent = Model1
Part2.BrickColor = BrickColor.new("Pastel yellow")
Part2.Transparency = 1
Part2.Rotation = Vector3.new(-180, -90, 0)
Part2.Anchored = true
Part2.CanCollide = false
Part2.FormFactor = Enum.FormFactor.Symmetric
Part2.Size = Vector3.new(1, 2, 1)
Part2.CFrame = CFrame.new(84.721138, 2.97380614, 69.5937424, 8.15038344e-21, 2.35065841e-06, -1, 9.82558322e-19, -1, -2.35065841e-06, -1, -9.82558322e-19, -8.15269293e-21)
Part2.Color = Color3.new(1, 1, 0.8)
Part2.Position = Vector3.new(84.721138, 2.97380614, 69.5937424)
Part2.Orientation = Vector3.new(0, -90, 180)
Part2.Color = Color3.new(1, 1, 0.8)
WedgePart3.Parent = Model1
WedgePart3.Material = Enum.Material.SmoothPlastic
WedgePart3.BrickColor = BrickColor.new("Navy blue")
WedgePart3.Reflectance = 0.0049999998882413
WedgePart3.Rotation = Vector3.new(13.4300003, 0, 90)
WedgePart3.Anchored = true
WedgePart3.CanCollide = false
WedgePart3.FormFactor = Enum.FormFactor.Symmetric
WedgePart3.Size = Vector3.new(0.220499977, 0.385874987, 0.79909116)
WedgePart3.CFrame = CFrame.new(84.5220337, 5.39255524, 67.3724747, 1.1144477e-07, -0.999996722, 9.83477548e-07, 0.972667575, -1.19206263e-07, -0.232179835, 0.232180044, 9.53674146e-07, 0.972667694)
WedgePart3.BottomSurface = Enum.SurfaceType.Smooth
WedgePart3.Color = Color3.new(0, 0.12549, 0.376471)
WedgePart3.Position = Vector3.new(84.5220337, 5.39255524, 67.3724747)
WedgePart3.Orientation = Vector3.new(13.4300003, 0, 90)
WedgePart3.Color = Color3.new(0, 0.12549, 0.376471)
Part4.Name = "Brick"
Part4.Parent = Model1
Part4.Material = Enum.Material.SmoothPlastic
Part4.BrickColor = BrickColor.new("Navy blue")
Part4.Rotation = Vector3.new(0, 90, 0)
Part4.Anchored = true
Part4.CanCollide = false
Part4.FormFactor = Enum.FormFactor.Symmetric
Part4.Size = Vector3.new(1.19828081, 0.570214629, 1.1971724)
Part4.CFrame = CFrame.new(84.7160492, 2.46017599, 69.6111679, -1.74450037e-07, -1.85120143e-06, 1, -4.62681055e-06, 0.99999994, 1.85119507e-06, -0.99999994, -4.62681055e-06, -1.74458165e-07)
Part4.BottomSurface = Enum.SurfaceType.Smooth
Part4.TopSurface = Enum.SurfaceType.Smooth
Part4.Color = Color3.new(0, 0.12549, 0.376471)
Part4.Position = Vector3.new(84.7160492, 2.46017599, 69.6111679)
Part4.Orientation = Vector3.new(0, 90, 0)
Part4.Color = Color3.new(0, 0.12549, 0.376471)
BlockMesh5.Parent = Part4
Part6.Name = "Brick"
Part6.Parent = Model1
Part6.Material = Enum.Material.SmoothPlastic
Part6.BrickColor = BrickColor.new("Black")
Part6.Reflectance = 0.0049999998882413
Part6.Rotation = Vector3.new(79.2300034, 0, 0)
Part6.Anchored = true
Part6.CanCollide = false
Part6.FormFactor = Enum.FormFactor.Symmetric
Part6.Size = Vector3.new(1.10684443, 0.201244384, 0.806359112)
Part6.CFrame = CFrame.new(84.713829, 4.26771784, 69.8875198, 1, -3.8433216e-13, 2.83340517e-12, -2.84009643e-12, 0.186832219, -0.982391834, 1.86642856e-13, 0.982391834, 0.186832219)
Part6.BottomSurface = Enum.SurfaceType.Smooth
Part6.TopSurface = Enum.SurfaceType.Smooth
Part6.Color = Color3.new(0.105882, 0.164706, 0.207843)
Part6.Position = Vector3.new(84.713829, 4.26771784, 69.8875198)
Part6.Orientation = Vector3.new(79.2300034, 0, 0)
Part6.Color = Color3.new(0.105882, 0.164706, 0.207843)
BlockMesh7.Parent = Part6
Part8.Name = "Brick"
Part8.Parent = Model1
Part8.Material = Enum.Material.SmoothPlastic
Part8.BrickColor = BrickColor.new("Black")
Part8.Reflectance = 0.0049999998882413
Part8.Rotation = Vector3.new(79.2300034, 0, 0)
Part8.Anchored = true
Part8.CanCollide = false
Part8.FormFactor = Enum.FormFactor.Symmetric
Part8.Size = Vector3.new(0.201244384, 1.03670979, 0.806359112)
Part8.CFrame = CFrame.new(85.166626, 4.1874733, 69.4766769, 1, -3.8433216e-13, 2.83340517e-12, -2.84009643e-12, 0.186832219, -0.982391834, 1.86642856e-13, 0.982391834, 0.186832219)
Part8.BottomSurface = Enum.SurfaceType.Smooth
Part8.TopSurface = Enum.SurfaceType.Smooth
Part8.Color = Color3.new(0.105882, 0.164706, 0.207843)
Part8.Position = Vector3.new(85.166626, 4.1874733, 69.4766769)
Part8.Orientation = Vector3.new(79.2300034, 0, 0)
Part8.Color = Color3.new(0.105882, 0.164706, 0.207843)
BlockMesh9.Parent = Part8
Part10.Name = "Brick"
Part10.Parent = Model1
Part10.Material = Enum.Material.SmoothPlastic
Part10.BrickColor = BrickColor.new("Black")
Part10.Reflectance = 0.0049999998882413
Part10.Rotation = Vector3.new(88.4300003, 0, 0)
Part10.Anchored = true
Part10.CanCollide = false
Part10.FormFactor = Enum.FormFactor.Symmetric
Part10.Size = Vector3.new(0.201244384, 0.212827399, 1.0574975)
Part10.CFrame = CFrame.new(85.166626, 4.22347689, 68.9344482, 1, 1.08608943e-13, 2.84414961e-12, -2.84009643e-12, 0.027451029, -0.99962306, 1.86642856e-13, 0.99962306, 0.027451029)
Part10.BottomSurface = Enum.SurfaceType.Smooth
Part10.TopSurface = Enum.SurfaceType.Smooth
Part10.Color = Color3.new(0.105882, 0.164706, 0.207843)
Part10.Position = Vector3.new(85.166626, 4.22347689, 68.9344482)
Part10.Orientation = Vector3.new(88.4300003, 0, 0)
Part10.Color = Color3.new(0.105882, 0.164706, 0.207843)
BlockMesh11.Parent = Part10
WedgePart12.Parent = Model1
WedgePart12.Material = Enum.Material.SmoothPlastic
WedgePart12.BrickColor = BrickColor.new("Black")
WedgePart12.Reflectance = 0.0049999998882413
WedgePart12.Rotation = Vector3.new(13.4300003, 0, 90)
WedgePart12.Anchored = true
WedgePart12.CanCollide = false
WedgePart12.FormFactor = Enum.FormFactor.Symmetric
WedgePart12.Size = Vector3.new(0.201244384, 0.201244384, 0.628686726)
WedgePart12.CFrame = CFrame.new(84.2616959, 4.99800968, 68.1583786, 5.42964393e-08, -0.999996722, -1.74445791e-10, 0.972667515, 4.60768099e-08, -0.232180193, 0.232180342, -1.65836891e-08, 0.972667634)
WedgePart12.BottomSurface = Enum.SurfaceType.Smooth
WedgePart12.Color = Color3.new(0.105882, 0.164706, 0.207843)
WedgePart12.Position = Vector3.new(84.2616959, 4.99800968, 68.1583786)
WedgePart12.Orientation = Vector3.new(13.4300003, 0, 90)
WedgePart12.Color = Color3.new(0.105882, 0.164706, 0.207843)
WedgePart13.Parent = Model1
WedgePart13.Material = Enum.Material.SmoothPlastic
WedgePart13.BrickColor = BrickColor.new("Black")
WedgePart13.Reflectance = 0.0049999998882413
WedgePart13.Rotation = Vector3.new(13.4300003, 0, -90)
WedgePart13.Anchored = true
WedgePart13.CanCollide = false
WedgePart13.FormFactor = Enum.FormFactor.Symmetric
WedgePart13.Size = Vector3.new(0.201244384, 0.352177709, 0.729308963)
WedgePart13.CFrame = CFrame.new(84.8906479, 5.15557432, 67.4995956, 1.11450326e-07, 0.999996722, -9.83475843e-07, -0.972667575, -1.19211848e-07, -0.232179835, -0.232180044, 9.53674544e-07, 0.972667694)
WedgePart13.BottomSurface = Enum.SurfaceType.Smooth
WedgePart13.Color = Color3.new(0.105882, 0.164706, 0.207843)
WedgePart13.Position = Vector3.new(84.8906479, 5.15557432, 67.4995956)
WedgePart13.Orientation = Vector3.new(13.4300003, 0, -90)
WedgePart13.Color = Color3.new(0.105882, 0.164706, 0.207843)
WedgePart14.Parent = Model1
WedgePart14.Material = Enum.Material.SmoothPlastic
WedgePart14.BrickColor = BrickColor.new("Black")
WedgePart14.Reflectance = 0.0049999998882413
WedgePart14.Rotation = Vector3.new(13.4300003, 0, -180)
WedgePart14.Anchored = true
WedgePart14.CanCollide = false
WedgePart14.Size = Vector3.new(0.201244384, 0.224141195, 0.517623842)
WedgePart14.CFrame = CFrame.new(84.2610245, 4.65805483, 68.6664963, -0.99999994, 1.67656744e-05, 7.46475916e-06, -1.80406896e-05, -0.972671866, -0.232184008, 3.36804032e-06, -0.232183963, 0.972671926)
WedgePart14.BottomSurface = Enum.SurfaceType.Smooth
WedgePart14.Color = Color3.new(0.105882, 0.164706, 0.207843)
WedgePart14.Position = Vector3.new(84.2610245, 4.65805483, 68.6664963)
WedgePart14.Orientation = Vector3.new(13.4300003, 0, -180)
WedgePart14.Color = Color3.new(0.105882, 0.164706, 0.207843)
WedgePart15.Parent = Model1
WedgePart15.Material = Enum.Material.SmoothPlastic
WedgePart15.BrickColor = BrickColor.new("Black")
WedgePart15.Reflectance = 0.0049999998882413
WedgePart15.Rotation = Vector3.new(-166.570007, 0, 0)
WedgePart15.Anchored = true
WedgePart15.CanCollide = false
WedgePart15.Size = Vector3.new(0.201244384, 0.226340756, 0.503780782)
WedgePart15.CFrame = CFrame.new(85.166626, 4.53830528, 69.1634369, 1, -1.67652124e-05, 7.60012563e-06, -1.80716834e-05, -0.972671926, 0.232184038, 3.49981519e-06, -0.232184038, -0.972671926)
WedgePart15.BottomSurface = Enum.SurfaceType.Smooth
WedgePart15.Color = Color3.new(0.105882, 0.164706, 0.207843)
WedgePart15.Position = Vector3.new(85.166626, 4.53830528, 69.1634369)
WedgePart15.Orientation = Vector3.new(-13.4300003, 180, -180)
WedgePart15.Color = Color3.new(0.105882, 0.164706, 0.207843)
WedgePart16.Parent = Model1
WedgePart16.Material = Enum.Material.SmoothPlastic
WedgePart16.BrickColor = BrickColor.new("Black")
WedgePart16.Reflectance = 0.0049999998882413
WedgePart16.Rotation = Vector3.new(13.4300003, 0, 90)
WedgePart16.Anchored = true
WedgePart16.CanCollide = false
WedgePart16.FormFactor = Enum.FormFactor.Symmetric
WedgePart16.Size = Vector3.new(0.201244384, 0.352177709, 0.729308963)
WedgePart16.CFrame = CFrame.new(84.5387802, 5.15557432, 67.4995956, 1.1144477e-07, -0.999996722, 9.83477548e-07, 0.972667575, -1.19206263e-07, -0.232179835, 0.232180044, 9.53674146e-07, 0.972667694)
WedgePart16.BottomSurface = Enum.SurfaceType.Smooth
WedgePart16.Color = Color3.new(0.105882, 0.164706, 0.207843)
WedgePart16.Position = Vector3.new(84.5387802, 5.15557432, 67.4995956)
WedgePart16.Orientation = Vector3.new(13.4300003, 0, 90)
WedgePart16.Color = Color3.new(0.105882, 0.164706, 0.207843)
WedgePart17.Parent = Model1
WedgePart17.Material = Enum.Material.SmoothPlastic
WedgePart17.BrickColor = BrickColor.new("Black")
WedgePart17.Reflectance = 0.0049999998882413
WedgePart17.Rotation = Vector3.new(-166.570007, 0, 0)
WedgePart17.Anchored = true
WedgePart17.CanCollide = false
WedgePart17.Size = Vector3.new(0.201244384, 0.224141195, 0.498885751)
WedgePart17.CFrame = CFrame.new(84.2610321, 4.54004574, 69.1608963, 0.99999994, 1.67656744e-05, -7.4647578e-06, 1.80406896e-05, -0.972671866, 0.232183889, -3.36804032e-06, -0.232183903, -0.972671926)
WedgePart17.BottomSurface = Enum.SurfaceType.Smooth
WedgePart17.Color = Color3.new(0.105882, 0.164706, 0.207843)
WedgePart17.Position = Vector3.new(84.2610321, 4.54004574, 69.1608963)
WedgePart17.Orientation = Vector3.new(-13.4300003, -180, 180)
WedgePart17.Color = Color3.new(0.105882, 0.164706, 0.207843)
WedgePart18.Parent = Model1
WedgePart18.Material = Enum.Material.SmoothPlastic
WedgePart18.BrickColor = BrickColor.new("Black")
WedgePart18.Reflectance = 0.0049999998882413
WedgePart18.Rotation = Vector3.new(13.4300003, 0, -90)
WedgePart18.Anchored = true
WedgePart18.CanCollide = false
WedgePart18.FormFactor = Enum.FormFactor.Symmetric
WedgePart18.Size = Vector3.new(0.201244384, 0.201244384, 0.628686726)
WedgePart18.CFrame = CFrame.new(85.1665039, 4.99800968, 68.1583786, 5.43020029e-08, 0.999996722, 1.76164416e-10, -0.972667515, 4.60712499e-08, -0.232180193, -0.232180342, -1.65833196e-08, 0.972667634)
WedgePart18.BottomSurface = Enum.SurfaceType.Smooth
WedgePart18.Color = Color3.new(0.105882, 0.164706, 0.207843)
WedgePart18.Position = Vector3.new(85.1665039, 4.99800968, 68.1583786)
WedgePart18.Orientation = Vector3.new(13.4300003, 0, -90)
WedgePart18.Color = Color3.new(0.105882, 0.164706, 0.207843)
WedgePart19.Parent = Model1
WedgePart19.Material = Enum.Material.SmoothPlastic
WedgePart19.BrickColor = BrickColor.new("Black")
WedgePart19.Reflectance = 0.0049999998882413
WedgePart19.Rotation = Vector3.new(13.4300003, 0, 180)
WedgePart19.Anchored = true
WedgePart19.CanCollide = false
WedgePart19.Size = Vector3.new(0.201244384, 0.226340756, 0.518070102)
WedgePart19.CFrame = CFrame.new(85.166626, 4.6569376, 68.6664658, -1, -1.67652124e-05, -7.60012745e-06, 1.80716834e-05, -0.972671986, -0.232184127, -3.49981519e-06, -0.232184127, 0.972671986)
WedgePart19.BottomSurface = Enum.SurfaceType.Smooth
WedgePart19.Color = Color3.new(0.105882, 0.164706, 0.207843)
WedgePart19.Position = Vector3.new(85.166626, 4.6569376, 68.6664658)
WedgePart19.Orientation = Vector3.new(13.4300003, 0, 180)
WedgePart19.Color = Color3.new(0.105882, 0.164706, 0.207843)
WedgePart20.Parent = Model1
WedgePart20.Material = Enum.Material.SmoothPlastic
WedgePart20.BrickColor = BrickColor.new("Navy blue")
WedgePart20.Reflectance = 0.0049999998882413
WedgePart20.Rotation = Vector3.new(13.4300003, 0, 180)
WedgePart20.Anchored = true
WedgePart20.CanCollide = false
WedgePart20.Size = Vector3.new(0.220499977, 0.247997627, 0.567640364)
WedgePart20.CFrame = CFrame.new(85.2099533, 4.84621525, 68.6509476, -1, -1.67652124e-05, -7.60012745e-06, 1.80716834e-05, -0.972671986, -0.232184127, -3.49981519e-06, -0.232184127, 0.972671986)
WedgePart20.BottomSurface = Enum.SurfaceType.Smooth
WedgePart20.Color = Color3.new(0, 0.12549, 0.376471)
WedgePart20.Position = Vector3.new(85.2099533, 4.84621525, 68.6509476)
WedgePart20.Orientation = Vector3.new(13.4300003, 0, 180)
WedgePart20.Color = Color3.new(0, 0.12549, 0.376471)
WedgePart21.Parent = Model1
WedgePart21.Material = Enum.Material.SmoothPlastic
WedgePart21.BrickColor = BrickColor.new("Navy blue")
WedgePart21.Reflectance = 0.0049999998882413
WedgePart21.Rotation = Vector3.new(-166.570007, 0, 0)
WedgePart21.Anchored = true
WedgePart21.CanCollide = false
WedgePart21.Size = Vector3.new(0.220499977, 0.245587617, 0.546620429)
WedgePart21.CFrame = CFrame.new(84.2177048, 4.7181406, 69.1926804, 0.99999994, 1.67656744e-05, -7.4647578e-06, 1.80406896e-05, -0.972671866, 0.232183889, -3.36804032e-06, -0.232183903, -0.972671926)
WedgePart21.BottomSurface = Enum.SurfaceType.Smooth
WedgePart21.Color = Color3.new(0, 0.12549, 0.376471)
WedgePart21.Position = Vector3.new(84.2177048, 4.7181406, 69.1926804)
WedgePart21.Orientation = Vector3.new(-13.4300003, -180, 180)
WedgePart21.Color = Color3.new(0, 0.12549, 0.376471)
WedgePart22.Parent = Model1
WedgePart22.Material = Enum.Material.SmoothPlastic
WedgePart22.BrickColor = BrickColor.new("Navy blue")
WedgePart22.Reflectance = 0.0049999998882413
WedgePart22.Rotation = Vector3.new(13.4300003, 0, 90)
WedgePart22.Anchored = true
WedgePart22.CanCollide = false
WedgePart22.FormFactor = Enum.FormFactor.Symmetric
WedgePart22.Size = Vector3.new(0.220499977, 0.220499977, 0.688841164)
WedgePart22.CFrame = CFrame.new(84.2184372, 5.2199173, 68.0942612, 5.42964393e-08, -0.999996722, -1.74445791e-10, 0.972667515, 4.60768099e-08, -0.232180193, 0.232180342, -1.65836891e-08, 0.972667634)
WedgePart22.BottomSurface = Enum.SurfaceType.Smooth
WedgePart22.Color = Color3.new(0, 0.12549, 0.376471)
WedgePart22.Position = Vector3.new(84.2184372, 5.2199173, 68.0942612)
WedgePart22.Orientation = Vector3.new(13.4300003, 0, 90)
WedgePart22.Color = Color3.new(0, 0.12549, 0.376471)
WedgePart23.Parent = Model1
WedgePart23.Material = Enum.Material.SmoothPlastic
WedgePart23.BrickColor = BrickColor.new("Navy blue")
WedgePart23.Reflectance = 0.0049999998882413
WedgePart23.Rotation = Vector3.new(13.4300003, 0, -90)
WedgePart23.Anchored = true
WedgePart23.CanCollide = false
WedgePart23.FormFactor = Enum.FormFactor.Symmetric
WedgePart23.Size = Vector3.new(0.220499977, 0.220499977, 0.688841164)
WedgePart23.CFrame = CFrame.new(85.2098083, 5.2199173, 68.0942612, 5.43020029e-08, 0.999996722, 1.76164416e-10, -0.972667515, 4.60712499e-08, -0.232180193, -0.232180342, -1.65833196e-08, 0.972667634)
WedgePart23.BottomSurface = Enum.SurfaceType.Smooth
WedgePart23.Color = Color3.new(0, 0.12549, 0.376471)
WedgePart23.Position = Vector3.new(85.2098083, 5.2199173, 68.0942612)
WedgePart23.Orientation = Vector3.new(13.4300003, 0, -90)
WedgePart23.Color = Color3.new(0, 0.12549, 0.376471)
Part24.Name = "Brick"
Part24.Parent = Model1
Part24.Material = Enum.Material.SmoothPlastic
Part24.BrickColor = BrickColor.new("Medium blue")
Part24.Rotation = Vector3.new(0, 90, 0)
Part24.Anchored = true
Part24.CanCollide = false
Part24.FormFactor = Enum.FormFactor.Symmetric
Part24.Size = Vector3.new(1.23828077, 0.200000003, 1.23717237)
Part24.CFrame = CFrame.new(84.7160416, 2.58101511, 69.6111679, -1.74450037e-07, -1.85120143e-06, 1, -4.62681055e-06, 0.99999994, 1.85119507e-06, -0.99999994, -4.62681055e-06, -1.74458165e-07)
Part24.BottomSurface = Enum.SurfaceType.Smooth
Part24.TopSurface = Enum.SurfaceType.Smooth
Part24.Color = Color3.new(0.431373, 0.6, 0.792157)
Part24.Position = Vector3.new(84.7160416, 2.58101511, 69.6111679)
Part24.Orientation = Vector3.new(0, 90, 0)
Part24.Color = Color3.new(0.431373, 0.6, 0.792157)
BlockMesh25.Parent = Part24
Part26.Name = "Brick"
Part26.Parent = Model1
Part26.Material = Enum.Material.SmoothPlastic
Part26.BrickColor = BrickColor.new("Really black")
Part26.Rotation = Vector3.new(0, 90, 0)
Part26.Anchored = true
Part26.CanCollide = false
Part26.FormFactor = Enum.FormFactor.Symmetric
Part26.Size = Vector3.new(1.09828091, 1.83832359, 1.0971725)
Part26.CFrame = CFrame.new(84.7160492, 3.10478282, 69.611145, -1.74450037e-07, -1.85120143e-06, 1, -4.62681055e-06, 0.99999994, 1.85119507e-06, -0.99999994, -4.62681055e-06, -1.74458165e-07)
Part26.BottomSurface = Enum.SurfaceType.Smooth
Part26.TopSurface = Enum.SurfaceType.Smooth
Part26.Color = Color3.new(0.0666667, 0.0666667, 0.0666667)
Part26.Position = Vector3.new(84.7160492, 3.10478282, 69.611145)
Part26.Orientation = Vector3.new(0, 90, 0)
Part26.Color = Color3.new(0.0666667, 0.0666667, 0.0666667)
BlockMesh27.Parent = Part26
Part28.Name = "Brick"
Part28.Parent = Model1
Part28.Material = Enum.Material.SmoothPlastic
Part28.BrickColor = BrickColor.new("Medium blue")
Part28.Rotation = Vector3.new(0, 90, 0)
Part28.Anchored = true
Part28.CanCollide = false
Part28.FormFactor = Enum.FormFactor.Symmetric
Part28.Size = Vector3.new(1.23828077, 0.200000003, 1.23717237)
Part28.CFrame = CFrame.new(84.7160492, 2.31716251, 69.6111603, -1.74450037e-07, -1.85120143e-06, 1, -4.62681055e-06, 0.99999994, 1.85119507e-06, -0.99999994, -4.62681055e-06, -1.74458165e-07)
Part28.BottomSurface = Enum.SurfaceType.Smooth
Part28.TopSurface = Enum.SurfaceType.Smooth
Part28.Color = Color3.new(0.431373, 0.6, 0.792157)
Part28.Position = Vector3.new(84.7160492, 2.31716251, 69.6111603)
Part28.Orientation = Vector3.new(0, 90, 0)
Part28.Color = Color3.new(0.431373, 0.6, 0.792157)
BlockMesh29.Parent = Part28
Part30.Name = "Brick"
Part30.Parent = Model1
Part30.Material = Enum.Material.SmoothPlastic
Part30.BrickColor = BrickColor.new("Black")
Part30.Reflectance = 0.0049999998882413
Part30.Rotation = Vector3.new(88.4300003, 0, 0)
Part30.Anchored = true
Part30.CanCollide = false
Part30.FormFactor = Enum.FormFactor.Symmetric
Part30.Size = Vector3.new(0.924965441, 0.201244384, 1.06169295)
Part30.CFrame = CFrame.new(84.6228867, 4.22645569, 68.9277115, 1, 1.08608943e-13, 2.84414961e-12, -2.84009643e-12, 0.027451029, -0.99962306, 1.86642856e-13, 0.99962306, 0.027451029)
Part30.BottomSurface = Enum.SurfaceType.Smooth
Part30.TopSurface = Enum.SurfaceType.Smooth
Part30.Color = Color3.new(0.105882, 0.164706, 0.207843)
Part30.Position = Vector3.new(84.6228867, 4.22645569, 68.9277115)
Part30.Orientation = Vector3.new(88.4300003, 0, 0)
Part30.Color = Color3.new(0.105882, 0.164706, 0.207843)
BlockMesh31.Parent = Part30
Part32.Name = "Brick"
Part32.Parent = Model1
Part32.Material = Enum.Material.SmoothPlastic
Part32.BrickColor = BrickColor.new("Black")
Part32.Reflectance = 0.0049999998882413
Part32.Rotation = Vector3.new(79.2300034, 0, 0)
Part32.Anchored = true
Part32.CanCollide = false
Part32.FormFactor = Enum.FormFactor.Symmetric
Part32.Size = Vector3.new(0.201244384, 1.03670979, 0.806359112)
Part32.CFrame = CFrame.new(84.2610245, 4.18971729, 69.4767838, 1, -3.8433216e-13, 2.83340517e-12, -2.84009643e-12, 0.186832219, -0.982391834, 1.86642856e-13, 0.982391834, 0.186832219)
Part32.BottomSurface = Enum.SurfaceType.Smooth
Part32.TopSurface = Enum.SurfaceType.Smooth
Part32.Color = Color3.new(0.105882, 0.164706, 0.207843)
Part32.Position = Vector3.new(84.2610245, 4.18971729, 69.4767838)
Part32.Orientation = Vector3.new(79.2300034, 0, 0)
Part32.Color = Color3.new(0.105882, 0.164706, 0.207843)
BlockMesh33.Parent = Part32
Part34.Name = "Brick"
Part34.Parent = Model1
Part34.Material = Enum.Material.SmoothPlastic
Part34.BrickColor = BrickColor.new("Navy blue")
Part34.Reflectance = 0.0049999998882413
Part34.Rotation = Vector3.new(79.2300034, 0, 0)
Part34.Anchored = true
Part34.CanCollide = false
Part34.FormFactor = Enum.FormFactor.Symmetric
Part34.Size = Vector3.new(0.220499977, 1.13590491, 0.883513689)
Part34.CFrame = CFrame.new(84.2177048, 4.3342948, 69.5388107, 1, -3.8433216e-13, 2.83340517e-12, -2.84009643e-12, 0.186832219, -0.982391834, 1.86642856e-13, 0.982391834, 0.186832219)
Part34.BottomSurface = Enum.SurfaceType.Smooth
Part34.TopSurface = Enum.SurfaceType.Smooth
Part34.Color = Color3.new(0, 0.12549, 0.376471)
Part34.Position = Vector3.new(84.2177048, 4.3342948, 69.5388107)
Part34.Orientation = Vector3.new(79.2300034, 0, 0)
Part34.Color = Color3.new(0, 0.12549, 0.376471)
BlockMesh35.Parent = Part34
Part36.Name = "Brick"
Part36.Parent = Model1
Part36.Material = Enum.Material.SmoothPlastic
Part36.BrickColor = BrickColor.new("Navy blue")
Part36.Reflectance = 0.0049999998882413
Part36.Rotation = Vector3.new(79.2300034, 0, 0)
Part36.Anchored = true
Part36.CanCollide = false
Part36.FormFactor = Enum.FormFactor.Symmetric
Part36.Size = Vector3.new(0.220499977, 1.13590491, 0.883513689)
Part36.CFrame = CFrame.new(85.2099533, 4.33183575, 69.5387192, 1, -3.8433216e-13, 2.83340517e-12, -2.84009643e-12, 0.186832219, -0.982391834, 1.86642856e-13, 0.982391834, 0.186832219)
Part36.BottomSurface = Enum.SurfaceType.Smooth
Part36.TopSurface = Enum.SurfaceType.Smooth
Part36.Color = Color3.new(0, 0.12549, 0.376471)
Part36.Position = Vector3.new(85.2099533, 4.33183575, 69.5387192)
Part36.Orientation = Vector3.new(79.2300034, 0, 0)
Part36.Color = Color3.new(0, 0.12549, 0.376471)
BlockMesh37.Parent = Part36
Part38.Name = "Brick"
Part38.Parent = Model1
Part38.Material = Enum.Material.SmoothPlastic
Part38.BrickColor = BrickColor.new("Navy blue")
Part38.Reflectance = 0.0049999998882413
Part38.Rotation = Vector3.new(103.43, 0, 0)
Part38.Anchored = true
Part38.CanCollide = false
Part38.FormFactor = Enum.FormFactor.Symmetric
Part38.Size = Vector3.new(1.21275008, 1.59979963, 0.220499977)
Part38.CFrame = CFrame.new(84.713829, 4.95423746, 69.2073441, 1, 8.59323843e-13, 2.78033499e-12, -2.84009643e-12, -0.232184067, -0.972671926, 1.86642856e-13, 0.972671926, -0.232184067)
Part38.BottomSurface = Enum.SurfaceType.Smooth
Part38.TopSurface = Enum.SurfaceType.Smooth
Part38.Color = Color3.new(0, 0.12549, 0.376471)
Part38.Position = Vector3.new(84.713829, 4.95423746, 69.2073441)
Part38.Orientation = Vector3.new(76.5699997, 180, -180)
Part38.Color = Color3.new(0, 0.12549, 0.376471)
BlockMesh39.Parent = Part38
Part40.Name = "Brick"
Part40.Parent = Model1
Part40.Material = Enum.Material.SmoothPlastic
Part40.BrickColor = BrickColor.new("Navy blue")
Part40.Reflectance = 0.0049999998882413
Part40.Rotation = Vector3.new(79.2300034, 0, 0)
Part40.Anchored = true
Part40.CanCollide = false
Part40.FormFactor = Enum.FormFactor.Symmetric
Part40.Size = Vector3.new(1.21275008, 0.220499977, 0.883513689)
Part40.CFrame = CFrame.new(84.713829, 4.41975594, 69.9888382, 1, -3.8433216e-13, 2.83340517e-12, -2.84009643e-12, 0.186832219, -0.982391834, 1.86642856e-13, 0.982391834, 0.186832219)
Part40.BottomSurface = Enum.SurfaceType.Smooth
Part40.TopSurface = Enum.SurfaceType.Smooth
Part40.Color = Color3.new(0, 0.12549, 0.376471)
Part40.Position = Vector3.new(84.713829, 4.41975594, 69.9888382)
Part40.Orientation = Vector3.new(79.2300034, 0, 0)
Part40.Color = Color3.new(0, 0.12549, 0.376471)
BlockMesh41.Parent = Part40
Part42.Name = "Brick"
Part42.Parent = Model1
Part42.Material = Enum.Material.SmoothPlastic
Part42.BrickColor = BrickColor.new("Navy blue")
Part42.Reflectance = 0.0049999998882413
Part42.Rotation = Vector3.new(88.4300003, 0, 0)
Part42.Anchored = true
Part42.CanCollide = false
Part42.FormFactor = Enum.FormFactor.Symmetric
Part42.Size = Vector3.new(1.0134685, 0.220499977, 1.16327846)
Part42.CFrame = CFrame.new(84.6141891, 4.37454987, 68.9372253, 1, 1.08608943e-13, 2.84414961e-12, -2.84009643e-12, 0.027451029, -0.99962306, 1.86642856e-13, 0.99962306, 0.027451029)
Part42.BottomSurface = Enum.SurfaceType.Smooth
Part42.TopSurface = Enum.SurfaceType.Smooth
Part42.Color = Color3.new(0, 0.12549, 0.376471)
Part42.Position = Vector3.new(84.6141891, 4.37454987, 68.9372253)
Part42.Orientation = Vector3.new(88.4300003, 0, 0)
Part42.Color = Color3.new(0, 0.12549, 0.376471)
BlockMesh43.Parent = Part42
Part44.Name = "Brick"
Part44.Parent = Model1
Part44.Material = Enum.Material.SmoothPlastic
Part44.BrickColor = BrickColor.new("Navy blue")
Part44.Reflectance = 0.0049999998882413
Part44.Rotation = Vector3.new(88.4300003, 0, 0)
Part44.Anchored = true
Part44.CanCollide = false
Part44.FormFactor = Enum.FormFactor.Symmetric
Part44.Size = Vector3.new(0.220499977, 0.233191282, 1.15868151)
Part44.CFrame = CFrame.new(85.2099533, 4.37127972, 68.9445953, 1, 1.08608943e-13, 2.84414961e-12, -2.84009643e-12, 0.027451029, -0.99962306, 1.86642856e-13, 0.99962306, 0.027451029)
Part44.BottomSurface = Enum.SurfaceType.Smooth
Part44.TopSurface = Enum.SurfaceType.Smooth
Part44.Color = Color3.new(0, 0.12549, 0.376471)
Part44.Position = Vector3.new(85.2099533, 4.37127972, 68.9445953)
Part44.Orientation = Vector3.new(88.4300003, 0, 0)
Part44.Color = Color3.new(0, 0.12549, 0.376471)
BlockMesh45.Parent = Part44
Part46.Name = "Brick"
Part46.Parent = Model1
Part46.Material = Enum.Material.SmoothPlastic
Part46.BrickColor = BrickColor.new("Black")
Part46.Reflectance = 0.0049999998882413
Part46.Rotation = Vector3.new(103.43, 0, 0)
Part46.Anchored = true
Part46.CanCollide = false
Part46.FormFactor = Enum.FormFactor.Symmetric
Part46.Size = Vector3.new(1.10684443, 1.46009409, 0.201244384)
Part46.CFrame = CFrame.new(84.713829, 4.75552416, 69.1742554, 1, 8.59323843e-13, 2.78033499e-12, -2.84009643e-12, -0.232184067, -0.972671926, 1.86642856e-13, 0.972671926, -0.232184067)
Part46.BottomSurface = Enum.SurfaceType.Smooth
Part46.TopSurface = Enum.SurfaceType.Smooth
Part46.Color = Color3.new(0.105882, 0.164706, 0.207843)
Part46.Position = Vector3.new(84.713829, 4.75552416, 69.1742554)
Part46.Orientation = Vector3.new(76.5699997, 180, -180)
Part46.Color = Color3.new(0.105882, 0.164706, 0.207843)
BlockMesh47.Parent = Part46
Part48.Parent = Model1
Part48.Transparency = 1
Part48.Rotation = Vector3.new(103.43, 0, 0)
Part48.Anchored = true
Part48.CanCollide = false
Part48.FormFactor = Enum.FormFactor.Symmetric
Part48.Size = Vector3.new(1.15937805, 1.40214789, 0.200000048)
Part48.CFrame = CFrame.new(84.7078781, 4.9594717, 69.2473831, 1, -2.23584706e-08, 2.78033477e-12, -5.19422949e-09, -0.232183963, -0.972671866, 2.17484519e-08, 0.972671866, -0.232183963)
Part48.Position = Vector3.new(84.7078781, 4.9594717, 69.2473831)
Part48.Orientation = Vector3.new(76.5699997, 180, -180)
Decal49.Parent = Part48
Decal49.Texture = "http://www.roblox.com/asset/?id=590273972"
Part50.Parent = Model1
Part50.Material = Enum.Material.SmoothPlastic
Part50.BrickColor = BrickColor.new("Navy blue")
Part50.Reflectance = 0.0049999998882413
Part50.Rotation = Vector3.new(13.4300003, 0, -180)
Part50.Anchored = true
Part50.CanCollide = false
Part50.Size = Vector3.new(0.770880163, 0.220499977, 0.688839018)
Part50.CFrame = CFrame.new(84.7141266, 5.2199173, 68.0942612, -0.99999994, 2.78033629e-12, 8.30897634e-13, 2.84009621e-12, -0.972672582, -0.232180983, -1.86642843e-13, -0.232181013, 0.972672522)
Part50.BottomSurface = Enum.SurfaceType.Smooth
Part50.TopSurface = Enum.SurfaceType.Smooth
Part50.Color = Color3.new(0, 0.12549, 0.376471)
Part50.Position = Vector3.new(84.7141266, 5.2199173, 68.0942612)
